NAME : single
TYPE : ATSP
DIMENSION : 17
EDGE_WEIGHT_TYPE : EXPLICIT
EDGE_WEIGHT_FORMAT : FULL_MATRIX
EDGE_WEIGHT_SECTION
0 235 264 252 247 269 273 323 282 396 361 398 414 391 231 256 202 
0 0 201 192 229 127 75 290 236 212 242 228 235 226 136 131 90 
0 201 0 86 86 205 163 194 166 252 261 281 263 262 262 262 291 
0 192 86 0 36 195 153 117 87 261 193 271 210 214 271 253 282 
0 229 86 36 0 232 190 111 86 224 194 291 247 251 234 290 280 
0 127 205 195 232 0 118 286 240 142 238 133 128 127 132 80 144 
0 75 163 153 190 118 0 271 198 231 280 249 245 241 174 130 128 
0 290 194 117 111 286 271 0 72 144 105 210 271 267 153 229 200 
0 236 166 87 86 240 198 72 0 216 120 283 255 259 226 297 272 
0 212 252 261 224 142 231 144 216 0 161 88 127 123 148 147 232 
0 242 261 193 194 238 280 105 120 161 0 162 223 219 169 181 215 
0 228 281 271 291 133 249 210 283 88 162 0 82 57 172 115 234 
0 235 263 210 247 128 245 271 255 127 223 82 0 87 163 157 254 
0 226 262 214 251 127 241 267 259 123 219 57 87 0 168 109 232 
0 136 262 271 234 132 174 153 226 148 169 172 163 168 0 100 111 
0 131 262 253 290 80 130 229 297 147 181 115 157 109 100 0 128 
0 90 291 282 280 144 128 200 272 232 215 234 254 232 111 128 0 
EOF