NAME : single
TYPE : ATSP
DIMENSION : 13
EDGE_WEIGHT_TYPE : EXPLICIT
EDGE_WEIGHT_FORMAT : FULL_MATRIX
EDGE_WEIGHT_SECTION
0 1742 2217 1971 2519 2634 2891 2578 2797 2744 2581 3262 3129 
0 0 1164 439 1548 1830 2556 2697 2353 2348 2645 3488 3169 
0 1164 0 824 651 1145 1429 1925 1379 1194 1891 2404 2154 
0 439 824 0 1118 1469 2205 2582 2023 2016 2528 3191 2871 
0 1548 651 1118 0 839 1308 2365 1258 1214 2307 2392 2104 
0 1830 1145 1469 839 0 1312 2543 885 1509 2325 2274 1795 
0 2556 1429 2205 1308 1312 0 1747 621 524 1627 1090 907 
0 2697 1925 2582 2365 2543 1747 0 1970 1478 485 1751 1895 
0 2353 1379 2023 1258 885 621 1970 0 1011 1717 1401 922 
0 2348 1194 2016 1214 1509 524 1478 1011 0 1491 1347 1328 
0 2645 1891 2528 2307 2325 1627 485 1717 1491 0 1598 1616 
0 3488 2404 3191 2392 2274 1090 1751 1401 1347 1598 0 636 
0 3169 2154 2871 2104 1795 907 1895 922 1328 1616 636 0 
EOF